0 0 0 0 0 0 0 0 0 0
1 0 0 0 0 0 0 0 0 0
3 0 0 0 0 0 0 0 0 0
0 0 0 0 0 0 0 0 0 3r
0 0 0 0 0 0 0 0 0 7
4 0 0 0 0 0 0 0 0 8r
5 0 0 0 0 0 0 0 0 9
0 0 0 0 0 0 0 0 0 0
0 0 0 0 0 0 0 0 0 0 
0 0 0 0 0 0 0 0 0 1
0 0 0 0 0 0 0 0 0 3r
3 0 0 0 0 0 0 0 0 0
7 0 0 0 0 0 0 0 0 0
8 0 0 0 0 0 0 0 0 4r
9 0 0 0 0 0 0 0 0 5
0 0 0 0 0 0 0 0 0 0
0 0 0 0 0 0 0 0 0 0
1 0 0 0 0 0 0 0 0 0
3 0 0 0 0 0 0 0 0 0
0 0 0 0 0 0 0 0 0 3r
0 0 0 0 0 0 0 0 0 7
4 0 0 0 0 0 0 0 0 8r
5 0 0 0 0 0 0 0 0 9
0 0 0 0 0 0 0 0 0 0